Sequence length: 15
Sequence: [10, 38, 7, 19, 4, 15, 21, 20, 23, 27, 2, 33, 36, 35, 6, 0, 0, 0, 0, 0, 0, 0, 0, 0, 0, 0, 0, 0, 0, 0, 0, 0, 0, 0, 0, 0, 0, 0, 0, 0]
Board:
1	1	0	0	0	0	0	
0	2	0	0	0	0	0	
0	2	0	0	9	9	10	
0	3	0	8	8	11	10	
4	3	7	7	12	11	0	
4	6	6	13	12	15	15	
5	5	0	13	14	14	0	
----------
==========
%%  runtime:       56.657 (56657.825 ms)
%%  solvetime:     56.402 (56402.941 ms)
%%  solutions:     8
%%  variables:     28202
%%  propagators:   17336
%%  propagations:  353873845
%%  nodes:         506107
%%  failures:      248416
%%  restarts:      0
%%  peak depth:    1742
