Sequence length: 15
Sequence: [46, 1, 20, 6, 18, 5, 48, 27, 14, 22, 8, 2, 30, 19, 3, 0, 0, 0, 0, 0, 0, 0, 0, 0, 0, 0, 0, 0, 0, 0, 0, 0, 0, 0, 0, 0, 0, 0, 0, 0, 0, 0, 0, 0, 0, 0, 0, 0, 0, 0, 0, 0, 0, 0, 0, 0, 0, 0, 0, 0]
Board:
1	1	2	0	9	9	
0	3	2	8	8	10	
4	3	7	7	11	10	
4	6	6	12	11	0	
5	5	13	12	15	15	
0	0	13	14	14	0	
----------
%%  runtime:       5:00.267 (300267.525 ms)
%%  solvetime:     5:00.007 (300007.880 ms)
%%  solutions:     9
%%  variables:     33749
%%  propagators:   11494
%%  propagations:  1544562385
%%  nodes:         2732641
%%  failures:      1359606
%%  restarts:      0
%%  peak depth:    2156
