Sequence length: 16
Sequence: [4, 46, 1, 50, 60, 12, 25, 37, 9, 6, 23, 45, 36, 40, 33, 56, 0, 0, 0, 0, 0, 0, 0, 0, 0, 0, 0, 0, 0, 0, 0, 0, 0, 0, 0, 0, 0, 0, 0, 0, 0, 0, 0, 0, 0, 0, 0, 0, 0, 0, 0, 0, 0, 0, 0, 0, 0, 0, 0, 0]
Board:
1	1	0	0	0	0	0	0	
0	2	0	0	0	0	0	0	
0	2	0	0	0	0	0	0	
0	3	0	0	0	0	0	0	
4	3	7	7	8	0	14	14	
4	6	6	9	8	13	13	15	
5	5	10	9	12	12	16	15	
0	0	10	11	11	0	16	0	
----------
%%  runtime:       5:00.464 (300464.854 ms)
%%  solvetime:     5:00.012 (300012.082 ms)
%%  solutions:     8
%%  variables:     55901
%%  propagators:   32056
%%  propagations:  1737186154
%%  nodes:         1761867
%%  failures:      871065
%%  restarts:      0
%%  peak depth:    3531
