Sequence length: 16
Sequence: [25, 26, 9, 27, 23, 4, 19, 13, 2, 21, 14, 3, 22, 28, 10, 16, 0, 0, 0, 0, 0, 0, 0, 0, 0, 0, 0, 0, 0, 0]
Board:
1	1	0	0	0	0	0	0	0	
0	2	0	0	0	0	0	0	0	
0	2	0	0	0	0	0	0	0	
0	3	0	0	0	0	0	0	0	
0	3	0	0	0	0	0	0	0	
0	4	0	0	0	0	0	14	14	
5	4	8	8	9	0	13	13	15	
5	7	7	10	9	12	12	16	15	
6	6	0	10	11	11	0	16	0	
----------
==========
%%  runtime:       2:54.669 (174669.152 ms)
%%  solvetime:     2:54.335 (174335.874 ms)
%%  solutions:     7
%%  variables:     36135
%%  propagators:   34202
%%  propagations:  891208088
%%  nodes:         776836
%%  failures:      384452
%%  restarts:      0
%%  peak depth:    1777
