Sequence length: 16
Sequence: [21, 13, 7, 1, 28, 15, 16, 45, 55, 48, 35, 47, 33, 51, 9, 30, 0, 0, 0, 0, 0, 0, 0, 0, 0, 0, 0, 0, 0, 0, 0, 0, 0, 0, 0, 0, 0, 0, 0, 0, 0, 0, 0, 0, 0, 0, 0, 0, 0, 0, 0, 0, 0, 0, 0, 0, 0, 0, 0, 0]
Board:
1	1	0	0	0	0	0	
0	2	0	0	0	0	0	
0	2	3	0	10	10	11	
0	4	3	9	9	12	11	
5	4	8	8	13	12	0	
5	7	7	14	13	16	16	
6	6	0	14	15	15	0	
----------
%%  runtime:       5:00.355 (300355.963 ms)
%%  solvetime:     5:00.009 (300009.813 ms)
%%  solutions:     9
%%  variables:     43822
%%  propagators:   19251
%%  propagations:  1605953952
%%  nodes:         2151559
%%  failures:      1067055
%%  restarts:      0
%%  peak depth:    2802
