Sequence length: 15
Sequence: [7, 16, 1, 32, 14, 35, 5, 38, 45, 17, 52, 25, 43, 22, 12, 0, 0, 0, 0, 0, 0, 0, 0, 0, 0, 0, 0, 0, 0, 0, 0, 0, 0, 0, 0, 0, 0, 0, 0, 0, 0, 0, 0, 0, 0, 0, 0, 0, 0, 0, 0, 0, 0, 0, 0, 0, 0, 0, 0, 0]
Board:
1	1	2	0	9	9	
0	3	2	8	8	10	
4	3	7	7	11	10	
4	6	6	12	11	0	
5	5	13	12	15	15	
0	0	13	14	14	0	
----------
%%  runtime:       5:00.272 (300272.957 ms)
%%  solvetime:     5:00.008 (300008.976 ms)
%%  solutions:     9
%%  variables:     33749
%%  propagators:   11460
%%  propagations:  1540794836
%%  nodes:         2725554
%%  failures:      1356073
%%  restarts:      0
%%  peak depth:    2156
