Sequence length: 12
Sequence: [29, 15, 1, 36, 16, 32, 33, 35, 24, 19, 13, 3, 0, 0, 0, 0, 0, 0, 0, 0, 0, 0, 0, 0, 0, 0, 0, 0, 0, 0, 0, 0, 0, 0, 0, 0, 0, 0, 0, 0]
Board:
1	1	0	0	0	0	0	0	
0	2	0	0	0	0	0	0	
0	2	0	0	0	0	0	0	
0	3	0	0	0	0	0	0	
0	3	0	0	0	0	0	0	
0	4	0	0	0	10	10	11	
5	4	7	7	9	9	12	11	
5	6	6	8	8	0	12	0	
----------
==========
%%  runtime:       2.640 (2640.259 ms)
%%  solvetime:     2.304 (2304.289 ms)
%%  solutions:     4
%%  variables:     36761
%%  propagators:   29416
%%  propagations:  6737107
%%  nodes:         14053
%%  failures:      3939
%%  restarts:      0
%%  peak depth:    2170
