Sequence length: 16
Sequence: [8, 19, 32, 3, 27, 39, 45, 31, 12, 4, 37, 22, 46, 17, 5, 1, 0, 0, 0, 0, 0, 0, 0, 0, 0, 0, 0, 0, 0, 0, 0, 0, 0, 0, 0, 0, 0, 0, 0, 0, 0, 0, 0, 0, 0, 0, 0, 0, 0, 0]
Board:
1	1	0	0	0	0	0	0	
0	2	0	0	0	0	0	0	
0	2	0	0	0	0	0	0	
0	3	0	0	0	0	0	0	
4	3	7	7	8	0	14	14	
4	6	6	9	8	13	13	15	
5	5	10	9	12	12	16	15	
0	0	10	11	11	0	16	0	
----------
%%  runtime:       5:00.423 (300423.729 ms)
%%  solvetime:     5:00.009 (300009.875 ms)
%%  solutions:     8
%%  variables:     46131
%%  propagators:   30651
%%  propagations:  1757240551
%%  nodes:         1787209
%%  failures:      885777
%%  restarts:      0
%%  peak depth:    2852
