Sequence length: 17
Sequence: [26, 20, 29, 1, 13, 18, 28, 3, 33, 19, 32, 16, 24, 9, 11, 8, 23, 0, 0, 0, 0, 0, 0, 0, 0, 0, 0, 0, 0, 0, 0, 0, 0, 0, 0, 0, 0, 0, 0, 0]
Board:
1	1	0	0	0	0	0	0	0	0	
0	2	0	0	0	0	0	0	0	0	
0	2	0	0	0	0	0	0	0	0	
0	3	0	0	0	0	0	0	0	0	
0	3	0	0	0	0	0	0	0	0	
0	4	0	0	0	0	0	0	0	0	
0	4	0	0	0	0	0	0	15	15	
0	5	0	9	9	10	0	14	14	16	
6	5	8	8	11	10	13	13	17	16	
6	7	7	0	11	12	12	0	17	0	
----------
==========
%%  runtime:       3:59.058 (239058.071 ms)
%%  solvetime:     3:58.489 (238489.397 ms)
%%  solutions:     7
%%  variables:     59300
%%  propagators:   57431
%%  propagations:  1353953216
%%  nodes:         878657
%%  failures:      432007
%%  restarts:      0
%%  peak depth:    3112
