Sequence length: 17
Sequence: [14, 3, 5, 8, 1, 22, 2, 6, 4, 11, 18, 16, 19, 28, 27, 20, 24, 0, 0, 0, 0, 0, 0, 0, 0, 0, 0, 0, 0, 0]
Board:
1	1	0	0	0	0	0	0	0	0	
0	2	0	0	0	0	0	0	0	0	
0	2	0	0	0	0	0	0	0	0	
0	3	0	0	0	0	0	0	0	0	
0	3	0	0	0	0	0	0	0	0	
0	4	0	0	0	0	0	0	0	0	
0	4	0	0	0	0	0	0	15	15	
0	5	0	9	9	10	0	14	14	16	
6	5	8	8	11	10	13	13	17	16	
6	7	7	0	11	12	12	0	17	0	
----------
==========
%%  runtime:       4:17.922 (257922.211 ms)
%%  solvetime:     4:17.479 (257479.734 ms)
%%  solutions:     7
%%  variables:     46070
%%  propagators:   43089
%%  propagations:  1369948398
%%  nodes:         910096
%%  failures:      450451
%%  restarts:      0
%%  peak depth:    2074
