Sequence length: 16
Sequence: [26, 10, 4, 24, 17, 21, 25, 18, 28, 15, 23, 30, 11, 13, 22, 3, 0, 0, 0, 0, 0, 0, 0, 0, 0, 0, 0, 0, 0, 0]
Board:
1	1	0	0	0	0	0	0	
0	2	0	0	0	0	0	0	
0	2	0	0	0	0	0	0	
0	3	0	0	0	0	0	0	
4	3	7	7	8	0	14	14	
4	6	6	9	8	13	13	15	
5	5	10	9	12	12	16	15	
0	0	10	11	11	0	16	0	
----------
%%  runtime:       5:00.294 (300294.733 ms)
%%  solvetime:     5:00.004 (300004.321 ms)
%%  solutions:     8
%%  variables:     27870
%%  propagators:   26677
%%  propagations:  2421812670
%%  nodes:         2418843
%%  failures:      1205683
%%  restarts:      0
%%  peak depth:    1488
