Sequence length: 15
Sequence: [38, 11, 1, 10, 4, 15, 21, 41, 32, 23, 8, 9, 37, 25, 33, 0, 0, 0, 0, 0, 0, 0, 0, 0, 0, 0, 0, 0, 0, 0, 0, 0, 0, 0, 0, 0, 0, 0, 0, 0, 0, 0, 0, 0, 0, 0, 0, 0, 0, 0]
Board:
1	1	2	0	9	9	
0	3	2	8	8	10	
4	3	7	7	11	10	
4	6	6	12	11	0	
5	5	13	12	15	15	
0	0	13	14	14	0	
----------
%%  runtime:       5:00.239 (300239.072 ms)
%%  solvetime:     5:00.007 (300007.328 ms)
%%  solutions:     9
%%  variables:     27259
%%  propagators:   10772
%%  propagations:  1586349354
%%  nodes:         2791416
%%  failures:      1390343
%%  restarts:      0
%%  peak depth:    1756
