Sequence length: 15
Sequence: [6, 15, 9, 2, 16, 1, 19, 10, 14, 20, 11, 17, 7, 12, 13, 0, 0, 0, 0, 0]
Board:
1	1	0	0	0	0	0	0	0	0	
0	2	0	0	0	0	0	0	0	0	
0	2	0	0	0	0	0	0	0	0	
0	3	0	0	0	0	0	0	0	0	
0	3	0	0	0	0	0	0	0	0	
0	4	0	0	0	0	0	0	0	0	
0	4	0	0	0	0	0	0	0	0	
0	5	0	0	0	0	0	13	13	14	
6	5	8	8	10	10	12	12	15	14	
6	7	7	9	9	11	11	0	15	0	
----------
==========
%%  runtime:       8.879 (8879.569 ms)
%%  solvetime:     8.597 (8597.156 ms)
%%  solutions:     5
%%  variables:     33240
%%  propagators:   29331
%%  propagations:  30567527
%%  nodes:         32327
%%  failures:      14639
%%  restarts:      0
%%  peak depth:    1032
