Sequence length: 16
Sequence: [48, 26, 1, 9, 23, 15, 22, 11, 13, 4, 19, 3, 20, 12, 44, 38, 0, 0, 0, 0, 0, 0, 0, 0, 0, 0, 0, 0, 0, 0, 0, 0, 0, 0, 0, 0, 0, 0, 0, 0, 0, 0, 0, 0, 0, 0, 0, 0, 0, 0]
Board:
1	1	0	0	0	0	0	0	
0	2	0	0	0	0	0	0	
0	2	0	0	0	0	0	0	
0	3	0	0	0	0	0	0	
4	3	7	7	8	0	14	14	
4	6	6	9	8	13	13	15	
5	5	10	9	12	12	16	15	
0	0	10	11	11	0	16	0	
----------
%%  runtime:       5:00.409 (300409.921 ms)
%%  solvetime:     5:00.009 (300009.965 ms)
%%  solutions:     8
%%  variables:     46131
%%  propagators:   30790
%%  propagations:  1764018555
%%  nodes:         1796515
%%  failures:      890418
%%  restarts:      0
%%  peak depth:    2851
