Sequence length: 15
Sequence: [24, 26, 2, 10, 23, 29, 14, 18, 44, 3, 46, 22, 32, 25, 12, 0, 0, 0, 0, 0, 0, 0, 0, 0, 0, 0, 0, 0, 0, 0, 0, 0, 0, 0, 0, 0, 0, 0, 0, 0, 0, 0, 0, 0, 0, 0, 0, 0, 0, 0]
Board:
1	1	2	0	9	9	
0	3	2	8	8	10	
4	3	7	7	11	10	
4	6	6	12	11	0	
5	5	13	12	15	15	
0	0	13	14	14	0	
----------
%%  runtime:       5:00.236 (300236.619 ms)
%%  solvetime:     5:00.007 (300007.999 ms)
%%  solutions:     9
%%  variables:     27259
%%  propagators:   10823
%%  propagations:  1592337891
%%  nodes:         2798258
%%  failures:      1393776
%%  restarts:      0
%%  peak depth:    1755
