Sequence length: 16
Sequence: [23, 39, 1, 51, 26, 60, 52, 33, 11, 34, 10, 50, 59, 46, 22, 25, 0, 0, 0, 0, 0, 0, 0, 0, 0, 0, 0, 0, 0, 0, 0, 0, 0, 0, 0, 0, 0, 0, 0, 0, 0, 0, 0, 0, 0, 0, 0, 0, 0, 0, 0, 0, 0, 0, 0, 0, 0, 0, 0, 0]
Board:
1	1	0	0	0	0	0	0	
0	2	0	0	0	0	0	0	
0	2	0	0	0	0	0	0	
0	3	0	0	0	0	0	0	
4	3	7	7	8	0	14	14	
4	6	6	9	8	13	13	15	
5	5	10	9	12	12	16	15	
0	0	10	11	11	0	16	0	
----------
%%  runtime:       5:00.461 (300461.359 ms)
%%  solvetime:     5:00.012 (300012.405 ms)
%%  solutions:     8
%%  variables:     55901
%%  propagators:   31926
%%  propagations:  1732195492
%%  nodes:         1759530
%%  failures:      869908
%%  restarts:      0
%%  peak depth:    3527
