Sequence length: 16
Sequence: [6, 2, 4, 32, 16, 12, 9, 27, 8, 20, 17, 25, 40, 11, 36, 5, 0, 0, 0, 0, 0, 0, 0, 0, 0, 0, 0, 0, 0, 0, 0, 0, 0, 0, 0, 0, 0, 0, 0, 0]
Board:
1	1	0	0	0	0	0	0	
0	2	0	0	0	0	0	0	
0	2	0	0	0	0	0	0	
0	3	0	0	0	0	0	0	
4	3	7	7	8	0	14	14	
4	6	6	9	8	13	13	15	
5	5	10	9	12	12	16	15	
0	0	10	11	11	0	16	0	
----------
%%  runtime:       5:00.326 (300326.669 ms)
%%  solvetime:     5:00.006 (300006.376 ms)
%%  solutions:     8
%%  variables:     36761
%%  propagators:   29571
%%  propagations:  2087825560
%%  nodes:         2120083
%%  failures:      1054242
%%  restarts:      0
%%  peak depth:    2170
