Sequence length: 15
Sequence: [37, 1, 44, 30, 6, 16, 45, 27, 39, 17, 8, 23, 14, 51, 56, 0, 0, 0, 0, 0, 0, 0, 0, 0, 0, 0, 0, 0, 0, 0, 0, 0, 0, 0, 0, 0, 0, 0, 0, 0, 0, 0, 0, 0, 0, 0, 0, 0, 0, 0, 0, 0, 0, 0, 0, 0, 0, 0, 0, 0]
Board:
1	1	2	0	9	9	
0	3	2	8	8	10	
4	3	7	7	11	10	
4	6	6	12	11	0	
5	5	13	12	15	15	
0	0	13	14	14	0	
----------
%%  runtime:       5:00.268 (300268.224 ms)
%%  solvetime:     5:00.007 (300007.542 ms)
%%  solutions:     9
%%  variables:     33749
%%  propagators:   11556
%%  propagations:  1542659003
%%  nodes:         2727680
%%  failures:      1357133
%%  restarts:      0
%%  peak depth:    2156
