Sequence length: 14
Sequence: [8, 37, 25, 9, 27, 26, 23, 29, 5, 31, 38, 35, 40, 3, 0, 0, 0, 0, 0, 0, 0, 0, 0, 0, 0, 0, 0, 0, 0, 0, 0, 0, 0, 0, 0, 0, 0, 0, 0, 0]
Board:
1	1	0	0	0	0	0	0	0	0	
0	2	0	0	0	0	0	0	0	0	
0	2	0	0	0	0	0	0	0	0	
0	3	0	0	0	0	0	0	0	0	
0	3	0	0	0	0	0	0	0	0	
0	4	0	0	0	0	0	0	0	0	
0	4	0	0	0	0	0	0	0	0	
0	5	0	0	0	0	0	0	0	0	
6	5	8	8	10	10	12	12	14	14	
6	7	7	9	9	11	11	13	13	0	
----------
==========
%%  runtime:       6.826 (6826.253 ms)
%%  solvetime:     6.260 (6260.213 ms)
%%  solutions:     4
%%  variables:     59300
%%  propagators:   57223
%%  propagations:  17827426
%%  nodes:         22199
%%  failures:      6678
%%  restarts:      0
%%  peak depth:    3117
