Sequence length: 16
Sequence: [17, 1, 48, 11, 12, 40, 15, 33, 25, 18, 9, 20, 2, 8, 3, 7, 0, 0, 0, 0, 0, 0, 0, 0, 0, 0, 0, 0, 0, 0, 0, 0, 0, 0, 0, 0, 0, 0, 0, 0, 0, 0, 0, 0, 0, 0, 0, 0, 0, 0]
Board:
1	1	0	0	0	0	0	0	
0	2	0	0	0	0	0	0	
0	2	0	0	0	0	0	0	
0	3	0	0	0	0	0	0	
4	3	7	7	8	0	14	14	
4	6	6	9	8	13	13	15	
5	5	10	9	12	12	16	15	
0	0	10	11	11	0	16	0	
----------
%%  runtime:       5:00.424 (300424.617 ms)
%%  solvetime:     5:00.010 (300010.287 ms)
%%  solutions:     8
%%  variables:     46131
%%  propagators:   30978
%%  propagations:  1775378360
%%  nodes:         1807761
%%  failures:      896055
%%  restarts:      0
%%  peak depth:    2850
