Sequence length: 16
Sequence: [1, 28, 6, 43, 2, 5, 25, 19, 36, 23, 12, 49, 4, 48, 7, 29, 0, 0, 0, 0, 0, 0, 0, 0, 0, 0, 0, 0, 0, 0, 0, 0, 0, 0, 0, 0, 0, 0, 0, 0, 0, 0, 0, 0, 0, 0, 0, 0, 0, 0]
Board:
1	1	0	0	0	0	0	
0	2	0	0	0	0	0	
0	2	3	0	10	10	11	
0	4	3	9	9	12	11	
5	4	8	8	13	12	0	
5	7	7	14	13	16	16	
6	6	0	14	15	15	0	
----------
%%  runtime:       5:00.328 (300328.631 ms)
%%  solvetime:     5:00.008 (300008.754 ms)
%%  solutions:     9
%%  variables:     35812
%%  propagators:   18457
%%  propagations:  1714903283
%%  nodes:         2269209
%%  failures:      1127672
%%  restarts:      0
%%  peak depth:    2273
