Sequence length: 16
Sequence: [18, 28, 4, 16, 20, 51, 30, 54, 34, 19, 47, 7, 14, 11, 13, 39, 0, 0, 0, 0, 0, 0, 0, 0, 0, 0, 0, 0, 0, 0, 0, 0, 0, 0, 0, 0, 0, 0, 0, 0, 0, 0, 0, 0, 0, 0, 0, 0, 0, 0, 0, 0, 0, 0, 0, 0, 0, 0, 0, 0]
Board:
1	1	0	0	0	0	0	
0	2	0	0	0	0	0	
0	2	3	0	10	10	11	
0	4	3	9	9	12	11	
5	4	8	8	13	12	0	
5	7	7	14	13	16	16	
6	6	0	14	15	15	0	
----------
%%  runtime:       5:00.361 (300361.486 ms)
%%  solvetime:     5:00.009 (300009.670 ms)
%%  solutions:     9
%%  variables:     43822
%%  propagators:   19413
%%  propagations:  1612634650
%%  nodes:         2158566
%%  failures:      1070564
%%  restarts:      0
%%  peak depth:    2803
