Sequence length: 16
Sequence: [18, 2, 21, 3, 42, 4, 16, 48, 5, 12, 41, 58, 37, 44, 34, 30, 0, 0, 0, 0, 0, 0, 0, 0, 0, 0, 0, 0, 0, 0, 0, 0, 0, 0, 0, 0, 0, 0, 0, 0, 0, 0, 0, 0, 0, 0, 0, 0, 0, 0, 0, 0, 0, 0, 0, 0, 0, 0, 0, 0]
Board:
1	1	0	0	0	0	0	0	
0	2	0	0	0	0	0	0	
0	2	0	0	0	0	0	0	
0	3	0	0	0	0	0	0	
4	3	7	7	8	0	14	14	
4	6	6	9	8	13	13	15	
5	5	10	9	12	12	16	15	
0	0	10	11	11	0	16	0	
----------
%%  runtime:       5:00.464 (300464.251 ms)
%%  solvetime:     5:00.011 (300011.417 ms)
%%  solutions:     8
%%  variables:     55901
%%  propagators:   32150
%%  propagations:  1733754519
%%  nodes:         1759000
%%  failures:      869638
%%  restarts:      0
%%  peak depth:    3531
