Sequence length: 16
Sequence: [2, 10, 8, 30, 11, 19, 27, 37, 38, 1, 16, 29, 36, 17, 24, 3, 0, 0, 0, 0, 0, 0, 0, 0, 0, 0, 0, 0, 0, 0, 0, 0, 0, 0, 0, 0, 0, 0, 0, 0]
Board:
1	1	0	0	0	0	0	
0	2	0	0	0	0	0	
0	2	3	0	10	10	11	
0	4	3	9	9	12	11	
5	4	8	8	13	12	0	
5	7	7	14	13	16	16	
6	6	0	14	15	15	0	
----------
%%  runtime:       5:00.278 (300278.088 ms)
%%  solvetime:     5:00.006 (300006.954 ms)
%%  solutions:     9
%%  variables:     28202
%%  propagators:   17505
%%  propagations:  1945801786
%%  nodes:         2560082
%%  failures:      1274894
%%  restarts:      0
%%  peak depth:    1744
