Sequence length: 16
Sequence: [7, 15, 18, 4, 14, 19, 21, 6, 30, 36, 32, 24, 3, 20, 40, 39, 0, 0, 0, 0, 0, 0, 0, 0, 0, 0, 0, 0, 0, 0, 0, 0, 0, 0, 0, 0, 0, 0, 0, 0]
Board:
1	1	0	0	0	0	0	
0	2	0	0	0	0	0	
0	2	3	0	10	10	11	
0	4	3	9	9	12	11	
5	4	8	8	13	12	0	
5	7	7	14	13	16	16	
6	6	0	14	15	15	0	
----------
%%  runtime:       5:00.256 (300256.840 ms)
%%  solvetime:     5:00.005 (300005.641 ms)
%%  solutions:     9
%%  variables:     28202
%%  propagators:   17571
%%  propagations:  1984179910
%%  nodes:         2615275
%%  failures:      1302490
%%  restarts:      0
%%  peak depth:    1743
