Sequence length: 16
Sequence: [3, 1, 13, 9, 24, 10, 22, 19, 50, 21, 49, 35, 7, 23, 27, 41, 0, 0, 0, 0, 0, 0, 0, 0, 0, 0, 0, 0, 0, 0, 0, 0, 0, 0, 0, 0, 0, 0, 0, 0, 0, 0, 0, 0, 0, 0, 0, 0, 0, 0]
Board:
1	1	0	0	0	0	0	0	
0	2	0	0	0	0	0	0	
0	2	0	0	0	0	0	0	
0	3	0	0	0	0	0	0	
4	3	7	7	8	0	14	14	
4	6	6	9	8	13	13	15	
5	5	10	9	12	12	16	15	
0	0	10	11	11	0	16	0	
----------
%%  runtime:       5:00.422 (300422.219 ms)
%%  solvetime:     5:00.009 (300009.747 ms)
%%  solutions:     8
%%  variables:     46131
%%  propagators:   31026
%%  propagations:  1760168246
%%  nodes:         1789357
%%  failures:      886849
%%  restarts:      0
%%  peak depth:    2851
