Sequence length: 16
Sequence: [1, 2, 12, 6, 29, 7, 37, 20, 9, 27, 25, 10, 40, 15, 11, 21, 0, 0, 0, 0, 0, 0, 0, 0, 0, 0, 0, 0, 0, 0, 0, 0, 0, 0, 0, 0, 0, 0, 0, 0]
Board:
1	1	0	0	0	0	0	
0	2	0	0	0	0	0	
0	2	3	0	10	10	11	
0	4	3	9	9	12	11	
5	4	8	8	13	12	0	
5	7	7	14	13	16	16	
6	6	0	14	15	15	0	
----------
%%  runtime:       5:00.260 (300260.898 ms)
%%  solvetime:     5:00.005 (300005.648 ms)
%%  solutions:     9
%%  variables:     28202
%%  propagators:   17465
%%  propagations:  1896074285
%%  nodes:         2504646
%%  failures:      1247166
%%  restarts:      0
%%  peak depth:    1745
