Sequence length: 16
Sequence: [32, 46, 18, 21, 48, 42, 33, 7, 60, 20, 13, 50, 24, 36, 40, 31, 0, 0, 0, 0, 0, 0, 0, 0, 0, 0, 0, 0, 0, 0, 0, 0, 0, 0, 0, 0, 0, 0, 0, 0, 0, 0, 0, 0, 0, 0, 0, 0, 0, 0, 0, 0, 0, 0, 0, 0, 0, 0, 0, 0]
Board:
1	1	0	0	0	0	0	
0	2	0	0	0	0	0	
0	2	3	0	10	10	11	
0	4	3	9	9	12	11	
5	4	8	8	13	12	0	
5	7	7	14	13	16	16	
6	6	0	14	15	15	0	
----------
%%  runtime:       5:00.359 (300359.068 ms)
%%  solvetime:     5:00.010 (300010.811 ms)
%%  solutions:     9
%%  variables:     43822
%%  propagators:   19335
%%  propagations:  1612734369
%%  nodes:         2158391
%%  failures:      1070476
%%  restarts:      0
%%  peak depth:    2805
