Sequence length: 16
Sequence: [10, 1, 9, 26, 7, 6, 2, 11, 5, 25, 20, 13, 4, 16, 15, 33, 0, 0, 0, 0, 0, 0, 0, 0, 0, 0, 0, 0, 0, 0, 0, 0, 0, 0, 0, 0, 0, 0, 0, 0]
Board:
1	1	0	0	0	0	0	0	
0	2	0	0	0	0	0	0	
0	2	0	0	0	0	0	0	
0	3	0	0	0	0	0	0	
4	3	7	7	8	0	14	14	
4	6	6	9	8	13	13	15	
5	5	10	9	12	12	16	15	
0	0	10	11	11	0	16	0	
----------
%%  runtime:       5:00.345 (300345.116 ms)
%%  solvetime:     5:00.007 (300007.364 ms)
%%  solutions:     8
%%  variables:     36761
%%  propagators:   29596
%%  propagations:  2088909061
%%  nodes:         2119830
%%  failures:      1054125
%%  restarts:      0
%%  peak depth:    2171
