Sequence length: 15
Sequence: [8, 30, 4, 46, 57, 15, 59, 5, 38, 44, 33, 17, 54, 45, 1, 0, 0, 0, 0, 0, 0, 0, 0, 0, 0, 0, 0, 0, 0, 0, 0, 0, 0, 0, 0, 0, 0, 0, 0, 0, 0, 0, 0, 0, 0, 0, 0, 0, 0, 0, 0, 0, 0, 0, 0, 0, 0, 0, 0, 0]
Board:
1	1	2	0	9	9	
0	3	2	8	8	10	
4	3	7	7	11	10	
4	6	6	12	11	0	
5	5	13	12	15	15	
0	0	13	14	14	0	
----------
%%  runtime:       5:00.265 (300265.638 ms)
%%  solvetime:     5:00.007 (300007.202 ms)
%%  solutions:     9
%%  variables:     33749
%%  propagators:   11473
%%  propagations:  1517052067
%%  nodes:         2683494
%%  failures:      1335046
%%  restarts:      0
%%  peak depth:    2155
