Sequence length: 16
Sequence: [22, 4, 9, 26, 7, 12, 29, 10, 18, 13, 1, 8, 2, 23, 6, 5, 0, 0, 0, 0, 0, 0, 0, 0, 0, 0, 0, 0, 0, 0]
Board:
1	1	0	0	0	0	0	0	0	
0	2	0	0	0	0	0	0	0	
0	2	0	0	0	0	0	0	0	
0	3	0	0	0	0	0	0	0	
0	3	0	0	0	0	0	0	0	
0	4	0	0	0	0	0	14	14	
5	4	8	8	9	0	13	13	15	
5	7	7	10	9	12	12	16	15	
6	6	0	10	11	11	0	16	0	
----------
==========
%%  runtime:       2:36.643 (156643.108 ms)
%%  solvetime:     2:36.318 (156318.603 ms)
%%  solutions:     7
%%  variables:     36135
%%  propagators:   34196
%%  propagations:  884014447
%%  nodes:         761690
%%  failures:      376876
%%  restarts:      0
%%  peak depth:    1781
