Sequence length: 16
Sequence: [23, 3, 11, 16, 4, 17, 24, 5, 13, 12, 27, 18, 10, 22, 28, 29, 0, 0, 0, 0, 0, 0, 0, 0, 0, 0, 0, 0, 0, 0]
Board:
1	1	0	0	0	0	0	0	
0	2	0	0	0	0	0	0	
0	2	0	0	0	0	0	0	
0	3	0	0	0	0	0	0	
4	3	7	7	8	0	14	14	
4	6	6	9	8	13	13	15	
5	5	10	9	12	12	16	15	
0	0	10	11	11	0	16	0	
----------
%%  runtime:       5:00.249 (300249.910 ms)
%%  solvetime:     5:00.003 (300003.571 ms)
%%  solutions:     8
%%  variables:     27870
%%  propagators:   26609
%%  propagations:  2448427747
%%  nodes:         2453209
%%  failures:      1222851
%%  restarts:      0
%%  peak depth:    1493
