Sequence length: 16
Sequence: [12, 1, 17, 3, 41, 21, 2, 37, 33, 9, 32, 14, 35, 38, 5, 15, 0, 0, 0, 0, 0, 0, 0, 0, 0, 0, 0, 0, 0, 0, 0, 0, 0, 0, 0, 0, 0, 0, 0, 0, 0, 0, 0, 0, 0, 0, 0, 0, 0, 0]
Board:
1	1	0	0	0	0	0	
0	2	0	0	0	0	0	
0	2	3	0	10	10	11	
0	4	3	9	9	12	11	
5	4	8	8	13	12	0	
5	7	7	14	13	16	16	
6	6	0	14	15	15	0	
----------
%%  runtime:       5:00.313 (300313.057 ms)
%%  solvetime:     5:00.008 (300008.387 ms)
%%  solutions:     9
%%  variables:     35812
%%  propagators:   18455
%%  propagations:  1710166915
%%  nodes:         2259438
%%  failures:      1122775
%%  restarts:      0
%%  peak depth:    2275
