Sequence length: 15
Sequence: [49, 1, 25, 3, 2, 5, 45, 32, 35, 31, 14, 38, 11, 4, 29, 0, 0, 0, 0, 0, 0, 0, 0, 0, 0, 0, 0, 0, 0, 0, 0, 0, 0, 0, 0, 0, 0, 0, 0, 0, 0, 0, 0, 0, 0, 0, 0, 0, 0, 0]
Board:
1	1	2	0	9	9	
0	3	2	8	8	10	
4	3	7	7	11	10	
4	6	6	12	11	0	
5	5	13	12	15	15	
0	0	13	14	14	0	
----------
%%  runtime:       5:00.239 (300239.271 ms)
%%  solvetime:     5:00.007 (300007.543 ms)
%%  solutions:     9
%%  variables:     27259
%%  propagators:   10796
%%  propagations:  1594635964
%%  nodes:         2799903
%%  failures:      1394602
%%  restarts:      0
%%  peak depth:    1755
