Sequence length: 16
Sequence: [42, 1, 5, 31, 19, 47, 23, 33, 21, 6, 3, 46, 38, 4, 13, 11, 0, 0, 0, 0, 0, 0, 0, 0, 0, 0, 0, 0, 0, 0, 0, 0, 0, 0, 0, 0, 0, 0, 0, 0, 0, 0, 0, 0, 0, 0, 0, 0, 0, 0]
Board:
1	1	0	0	0	0	0	
0	2	0	0	0	0	0	
0	2	3	0	10	10	11	
0	4	3	9	9	12	11	
5	4	8	8	13	12	0	
5	7	7	14	13	16	16	
6	6	0	14	15	15	0	
----------
%%  runtime:       5:00.319 (300319.127 ms)
%%  solvetime:     5:00.008 (300008.672 ms)
%%  solutions:     9
%%  variables:     35812
%%  propagators:   18501
%%  propagations:  1707593805
%%  nodes:         2259653
%%  failures:      1122895
%%  restarts:      0
%%  peak depth:    2274
