Sequence length: 16
Sequence: [20, 15, 3, 17, 39, 9, 12, 16, 13, 44, 32, 38, 59, 56, 4, 5, 0, 0, 0, 0, 0, 0, 0, 0, 0, 0, 0, 0, 0, 0, 0, 0, 0, 0, 0, 0, 0, 0, 0, 0, 0, 0, 0, 0, 0, 0, 0, 0, 0, 0, 0, 0, 0, 0, 0, 0, 0, 0, 0, 0]
Board:
1	1	0	0	0	0	0	
0	2	0	0	0	0	0	
0	2	3	0	10	10	11	
0	4	3	9	9	12	11	
5	4	8	8	13	12	0	
5	7	7	14	13	16	16	
6	6	0	14	15	15	0	
----------
%%  runtime:       5:00.354 (300354.841 ms)
%%  solvetime:     5:00.009 (300009.798 ms)
%%  solutions:     9
%%  variables:     43822
%%  propagators:   19256
%%  propagations:  1604939028
%%  nodes:         2150835
%%  failures:      1066689
%%  restarts:      0
%%  peak depth:    2803
