Sequence length: 11
Sequence: [9, 19, 4, 20, 30, 21, 36, 6, 28, 5, 3, 0, 0, 0, 0, 0, 0, 0, 0, 0, 0, 0, 0, 0, 0, 0, 0, 0, 0, 0, 0, 0, 0, 0, 0, 0, 0, 0, 0, 0]
Board:
1	1	0	0	0	0	0	0	0	
0	2	0	0	0	0	0	0	0	
0	2	0	0	0	0	0	0	0	
0	3	0	0	0	0	0	0	0	
0	3	0	0	0	0	0	0	0	
0	4	0	0	0	0	0	0	0	
0	4	0	0	0	0	0	0	0	
0	5	0	7	7	9	9	11	11	
0	5	6	6	8	8	10	10	0	
----------
==========
%%  runtime:       3.678 (3678.445 ms)
%%  solvetime:     3.257 (3257.000 ms)
%%  solutions:     2
%%  variables:     47125
%%  propagators:   45911
%%  propagations:  4272854
%%  nodes:         7067
%%  failures:      1602
%%  restarts:      0
%%  peak depth:    2624
