Sequence length: 12
Sequence: [13, 24, 28, 40, 38, 35, 22, 36, 3, 7, 39, 9, 0, 0, 0, 0, 0, 0, 0, 0, 0, 0, 0, 0, 0, 0, 0, 0, 0, 0, 0, 0, 0, 0, 0, 0, 0, 0, 0, 0]
Board:
1	1	0	0	0	0	0	0	0	
0	2	0	0	0	0	0	0	0	
0	2	0	0	0	0	0	0	0	
0	3	0	0	0	0	0	0	0	
0	3	0	0	0	0	0	0	0	
0	4	0	0	0	0	0	0	0	
0	4	0	0	0	0	10	10	11	
0	5	0	7	7	9	9	12	11	
0	5	6	6	8	8	0	12	0	
----------
==========
%%  runtime:       6.932 (6932.469 ms)
%%  solvetime:     6.487 (6487.260 ms)
%%  solutions:     3
%%  variables:     47125
%%  propagators:   45891
%%  propagations:  12788448
%%  nodes:         14173
%%  failures:      4236
%%  restarts:      0
%%  peak depth:    2631
