Sequence length: 15
Sequence: [37, 2, 10, 27, 34, 9, 25, 26, 20, 24, 39, 13, 15, 16, 8, 0, 0, 0, 0, 0, 0, 0, 0, 0, 0, 0, 0, 0, 0, 0, 0, 0, 0, 0, 0, 0, 0, 0, 0, 0, 0, 0, 0, 0, 0, 0, 0, 0, 0, 0]
Board:
1	1	2	0	9	9	
0	3	2	8	8	10	
4	3	7	7	11	10	
4	6	6	12	11	0	
5	5	13	12	15	15	
0	0	13	14	14	0	
----------
%%  runtime:       5:00.247 (300247.036 ms)
%%  solvetime:     5:00.008 (300008.392 ms)
%%  solutions:     9
%%  variables:     27259
%%  propagators:   10240
%%  propagations:  1627531670
%%  nodes:         2858196
%%  failures:      1423742
%%  restarts:      0
%%  peak depth:    1756
