Sequence length: 16
Sequence: [36, 5, 13, 19, 7, 37, 8, 28, 26, 34, 40, 23, 35, 25, 11, 22, 0, 0, 0, 0, 0, 0, 0, 0, 0, 0, 0, 0, 0, 0, 0, 0, 0, 0, 0, 0, 0, 0, 0, 0]
Board:
1	1	0	0	0	0	0	0	
0	2	0	0	0	0	0	0	
0	2	0	0	0	0	0	0	
0	3	0	0	0	0	0	0	
4	3	7	7	8	0	14	14	
4	6	6	9	8	13	13	15	
5	5	10	9	12	12	16	15	
0	0	10	11	11	0	16	0	
----------
%%  runtime:       5:00.362 (300362.918 ms)
%%  solvetime:     5:00.006 (300006.194 ms)
%%  solutions:     8
%%  variables:     36761
%%  propagators:   28588
%%  propagations:  2100104596
%%  nodes:         2133770
%%  failures:      1061095
%%  restarts:      0
%%  peak depth:    2168
