Sequence length: 16
Sequence: [33, 2, 31, 23, 7, 47, 29, 43, 6, 15, 38, 16, 42, 49, 58, 22, 0, 0, 0, 0, 0, 0, 0, 0, 0, 0, 0, 0, 0, 0, 0, 0, 0, 0, 0, 0, 0, 0, 0, 0, 0, 0, 0, 0, 0, 0, 0, 0, 0, 0, 0, 0, 0, 0, 0, 0, 0, 0, 0, 0]
Board:
1	1	0	0	0	0	0	0	
0	2	0	0	0	0	0	0	
0	2	0	0	0	0	0	0	
0	3	0	0	0	0	0	0	
4	3	7	7	8	0	14	14	
4	6	6	9	8	13	13	15	
5	5	10	9	12	12	16	15	
0	0	10	11	11	0	16	0	
----------
%%  runtime:       5:00.547 (300547.637 ms)
%%  solvetime:     5:00.016 (300016.763 ms)
%%  solutions:     8
%%  variables:     55901
%%  propagators:   31230
%%  propagations:  1655441646
%%  nodes:         1704464
%%  failures:      842355
%%  restarts:      0
%%  peak depth:    3531
