Sequence length: 15
Sequence: [3, 2, 23, 10, 11, 7, 21, 29, 5, 27, 15, 17, 14, 28, 25, 0, 0, 0, 0, 0, 0, 0, 0, 0, 0, 0, 0, 0, 0, 0]
Board:
1	1	0	0	0	0	0	0	0	0	
0	2	0	0	0	0	0	0	0	0	
0	2	0	0	0	0	0	0	0	0	
0	3	0	0	0	0	0	0	0	0	
0	3	0	0	0	0	0	0	0	0	
0	4	0	0	0	0	0	0	0	0	
0	4	0	0	0	0	0	0	0	0	
0	5	0	0	0	0	0	13	13	14	
6	5	8	8	10	10	12	12	15	14	
6	7	7	9	9	11	11	0	15	0	
----------
==========
%%  runtime:       22.393 (22393.597 ms)
%%  solvetime:     21.970 (21970.231 ms)
%%  solutions:     5
%%  variables:     46070
%%  propagators:   43114
%%  propagations:  36834293
%%  nodes:         43008
%%  failures:      18028
%%  restarts:      0
%%  peak depth:    2073
