Sequence length: 15
Sequence: [10, 38, 7, 19, 4, 15, 21, 20, 23, 27, 2, 33, 36, 35, 6, 0, 0, 0, 0, 0, 0, 0, 0, 0, 0, 0, 0, 0, 0, 0, 0, 0, 0, 0, 0, 0, 0, 0, 0, 0]
Board:
1	1	0	0	0	0	0	
0	2	0	0	0	0	0	
0	2	0	0	9	9	10	
0	3	0	8	8	11	10	
4	3	7	7	12	11	0	
4	6	6	13	12	15	15	
5	5	0	13	14	14	0	
----------
==========
%%  runtime:       56.266 (56266.746 ms)
%%  solvetime:     55.974 (55974.118 ms)
%%  solutions:     8
%%  variables:     28202
%%  propagators:   16671
%%  propagations:  353914789
%%  nodes:         505963
%%  failures:      248344
%%  restarts:      0
%%  peak depth:    1742
