Sequence length: 16
Sequence: [13, 6, 3, 26, 32, 45, 4, 33, 9, 18, 34, 21, 36, 15, 31, 11, 0, 0, 0, 0, 0, 0, 0, 0, 0, 0, 0, 0, 0, 0, 0, 0, 0, 0, 0, 0, 0, 0, 0, 0, 0, 0, 0, 0, 0, 0, 0, 0, 0, 0]
Board:
1	1	0	0	0	0	0	
0	2	0	0	0	0	0	
0	2	3	0	10	10	11	
0	4	3	9	9	12	11	
5	4	8	8	13	12	0	
5	7	7	14	13	16	16	
6	6	0	14	15	15	0	
----------
%%  runtime:       5:00.290 (300290.114 ms)
%%  solvetime:     5:00.010 (300010.152 ms)
%%  solutions:     9
%%  variables:     35812
%%  propagators:   17639
%%  propagations:  1837551848
%%  nodes:         2432246
%%  failures:      1209182
%%  restarts:      0
%%  peak depth:    2275
